#
#Feature symbol names
#
$0 r5.906
$1 r19.685
$2 construct

#
#Layer features
#
L 10.08556841 10.73897579 10.0855502 10.72022815 0 P 10 
L 10.0855502 10.72022815 10.10429606 10.71833514 0 P 10 
L 10.10429606 10.71833514 10.10242313 10.72021181 0 P 10 
L 10.10242313 10.72021181 10.10055197 10.72396309 0 P 10 
L 10.10055197 10.72396309 10.10056112 10.73333691 0 P 10 
L 10.10056112 10.73333691 10.10243947 10.73708465 0 P 10 
L 10.10243947 10.73708465 10.10431604 10.73895758 0 P 10 
L 10.10431604 10.73895758 10.10806742 10.74082874 0 P 10 
L 10.10806742 10.74082874 10.11744124 10.74081959 0 P 10 
L 10.11744124 10.74081959 10.12118898 10.73894124 0 P 10 
L 10.12118898 10.73894124 10.12306191 10.73706467 0 P 10 
L 10.12306191 10.73706467 10.12493307 10.73331329 0 P 10 
L 10.12493307 10.73331329 10.12492392 10.72393947 0 P 10 
L 10.12492392 10.72393947 10.12304557 10.72019173 0 P 10 
L 10.12304557 10.72019173 10.121169 10.7183188 0 P 10 
L 10.12497667 10.77830768 10.12495482 10.75581043 0 P 10 
L 10.12496575 10.76705906 10.08559567 10.76709724 0 P 10 
L 10.08559567 10.76709724 10.09121634 10.76334222 0 P 10 
L 10.09121634 10.76334222 10.0949622 10.75958907 0 P 10 
L 10.0949622 10.75958907 10.09683337 10.7558377 0 P 10 
L 10.1212435 10.79518415 10.12312008 10.79705709 0 P 10 
L 10.12312008 10.79705709 10.12499301 10.79518051 0 P 10 
L 10.12499301 10.79518051 10.12311644 10.79330758 0 P 10 
L 10.12311644 10.79330758 10.1212435 10.79518415 0 P 10 
L 10.1212435 10.79518415 10.12499301 10.79518051 0 P 10 
L 10.08565935 10.83271398 10.08564114 10.81396634 0 P 10 
L 10.08564114 10.81396634 10.10438701 10.81207343 0 P 10 
L 10.10438701 10.81207343 10.10251398 10.81395 0 P 10 
L 10.10251398 10.81395 10.10064291 10.81770138 0 P 10 
L 10.10064291 10.81770138 10.10065197 10.8270752 0 P 10 
L 10.10065197 10.8270752 10.10253041 10.83082283 0 P 10 
L 10.10253041 10.83082283 10.10440699 10.83269587 0 P 10 
L 10.10440699 10.83269587 10.10815827 10.83456693 0 P 10 
L 10.10815827 10.83456693 10.11753209 10.83455787 0 P 10 
L 10.11753209 10.83455787 10.12127982 10.83267943 0 P 10 
L 10.12127982 10.83267943 10.12315276 10.83080285 0 P 10 
L 10.12315276 10.83080285 10.12502392 10.82705157 0 P 10 
L 10.12502392 10.82705157 10.12501486 10.81767776 0 P 10 
L 10.12501486 10.81767776 10.12313642 10.81393002 0 P 10 
L 10.12313642 10.81393002 10.12125984 10.81205709 0 P 10 
L 10.08567382 10.84771211 10.08569931 10.87395886 0 P 10 
L 10.08569931 10.87395886 10.12505295 10.85704774 0 P 10 
L 10.08572106 10.896456 10.0857248 10.90020551 0 P 10 
L 10.0857248 10.90020551 10.08760315 10.90395325 0 P 10 
L 10.08760315 10.90395325 10.08947972 10.90582618 0 P 10 
L 10.08947972 10.90582618 10.0932311 10.90769734 0 P 10 
L 10.0932311 10.90769734 10.10073199 10.90956476 0 P 10 
L 10.10073199 10.90956476 10.11010581 10.90955571 0 P 10 
L 10.11010581 10.90955571 10.11760305 10.90767372 0 P 10 
L 10.11760305 10.90767372 10.12135079 10.90579528 0 P 10 
L 10.12135079 10.90579528 10.12322372 10.9039187 0 P 10 
L 10.12322372 10.9039187 10.12509478 10.90016732 0 P 10 
L 10.12509478 10.90016732 10.12509114 10.89641782 0 P 10 
L 10.12509114 10.89641782 10.1232128 10.89267008 0 P 10 
L 10.1232128 10.89267008 10.12133622 10.89079715 0 P 10 
L 10.12133622 10.89079715 10.11758484 10.88892598 0 P 10 
L 10.11758484 10.88892598 10.11008396 10.88705856 0 P 10 
L 10.11008396 10.88705856 10.10071014 10.88706762 0 P 10 
L 10.10071014 10.88706762 10.09321289 10.8889497 0 P 10 
L 10.09321289 10.8889497 10.08946516 10.89082805 0 P 10 
L 10.08946516 10.89082805 10.08759222 10.89270463 0 P 10 
L 10.08759222 10.89270463 10.08572106 10.896456 0 P 10 
L 10.08575748 10.93395128 10.08576112 10.93770079 0 P 10 
L 10.08576112 10.93770079 10.08763947 10.94144852 0 P 10 
L 10.08763947 10.94144852 10.08951614 10.94332146 0 P 10 
L 10.08951614 10.94332146 10.09326742 10.94519262 0 P 10 
L 10.09326742 10.94519262 10.10076831 10.94706014 0 P 10 
L 10.10076831 10.94706014 10.11014213 10.94705098 0 P 10 
L 10.11014213 10.94705098 10.11763937 10.945169 0 P 10 
L 10.11763937 10.945169 10.12138711 10.94329055 0 P 10 
L 10.12138711 10.94329055 10.12326004 10.94141398 0 P 10 
L 10.12326004 10.94141398 10.1251312 10.9376626 0 P 10 
L 10.1251312 10.9376626 10.12512756 10.93391309 0 P 10 
L 10.12512756 10.93391309 10.12324911 10.93016535 0 P 10 
L 10.12324911 10.93016535 10.12137254 10.92829252 0 P 10 
L 10.12137254 10.92829252 10.11762126 10.92642136 0 P 10 
L 10.11762126 10.92642136 10.11012028 10.92455384 0 P 10 
L 10.11012028 10.92455384 10.10074646 10.92456289 0 P 10 
L 10.10074646 10.92456289 10.09324921 10.92644498 0 P 10 
L 10.09324921 10.92644498 10.08950157 10.92832333 0 P 10 
L 10.08950157 10.92832333 10.08762854 10.9302 0 P 10 
L 10.08762854 10.9302 10.08575748 10.93395128 0 P 10 
P 10.11187323 11.01078976 2 P 10 0
P 10.11192411 11.06328317 2 P 10 0
L 10.11535433 11.91533524 10.17663179 11.91527579 0 P 10 
L 10.11338583 9.88502028 10.17466329 9.88496083 0 P 10 
L 10.15354439 11.91529823 10.15276565 11.11212972 0 P 10 
L 10.15235453 10.68815167 10.15157589 9.88498327 0 P 10 
L 10.15354439 11.91529823 10.13041398 11.87097008 0 P 10 
L 10.15354439 11.91529823 10.17658878 11.8709253 0 P 10 
L 10.15157589 9.88498327 10.1747063 9.92931142 0 P 10 
L 10.15157589 9.88498327 10.1285315 9.9293562 0 P 10 
P 7.10354331 1.39015748 1 P 11 0
P 7.07401575 1.4492126 1 P 11 0
P 7.13307087 1.4492126 1 P 11 0
P 7.13307087 1.39015748 1 P 11 0
P 7.07401575 1.39015748 1 P 11 0
P 7.10354331 1.4492126 1 P 11 0
P 8.53464567 3.41771654 1 P 11 0
P 8.59370079 3.41771654 1 P 11 0
P 8.59370079 3.35866142 1 P 11 0
P 8.59370079 3.38818898 1 P 11 0
P 8.53464567 3.38818898 1 P 11 0
P 8.53464567 3.35866142 1 P 11 0
P 2.39685039 3.36259843 1 P 11 0
P 2.45590551 3.42165354 1 P 11 0
P 2.45590551 3.36259843 1 P 11 0
P 2.39685039 3.42165354 1 P 11 0
P 2.39685039 3.39212598 1 P 11 0
P 2.45590551 3.39212598 1 P 11 0
P 3.49527559 4.9492126 1 P 11 0
P 3.49527559 4.89015748 1 P 11 0
P 3.43622047 4.9492126 1 P 11 0
P 3.46574803 4.89015748 1 P 11 0
P 3.46574803 4.9492126 1 P 11 0
P 3.43622047 4.89015748 1 P 11 0
P 7.0996063 4.89015748 1 P 11 0
P 7.0996063 4.9492126 1 P 11 0
P 7.07007874 4.9492126 1 P 11 0
P 7.07007874 4.89015748 1 P 11 0
P 7.12913386 4.89015748 1 P 11 0
P 7.12913386 4.9492126 1 P 11 0
P 3.47559055 1.39015748 1 P 11 0
P 3.41653543 1.4492126 1 P 11 0
P 3.41653543 1.39015748 1 P 11 0
P 3.47559055 1.4492126 1 P 11 0
P 3.44606299 1.39015748 1 P 11 0
P 3.44606299 1.4492126 1 P 11 0
