#
#Feature symbol names
#
$0 r4.724
$1 r5.906
$2 r19.685

#
#Layer features
#
A 1.25984252 3.95669291 1.25984252 3.95669291 1.22022717 3.95669291 0 P 10 N
A 11.97047244 0.53149606 11.97047244 0.53149606 11.93085709 0.53149606 0 P 10 N
A 11.96850394 3.09055118 11.96850394 3.09055118 11.92888858 3.09055118 0 P 10 N
A 11.96850394 1.83070866 11.96850394 1.83070866 11.92888858 1.83070866 0 P 10 N
A 1.96850394 3.34645669 1.96850394 3.34645669 1.92888858 3.34645669 0 P 10 N
A 0.61023622 4.9015748 0.61023622 4.9015748 0.57062087 4.9015748 0 P 10 N
A 1.25984252 2.79527559 1.25984252 2.79527559 1.22022717 2.79527559 0 P 10 N
A 9.96062992 2.67716535 9.96062992 2.67716535 9.92101457 2.67716535 0 P 10 N
A 8.83858268 0.51181102 8.83858268 0.51181102 8.79896732 0.51181102 0 P 10 N
A 1.25984252 3.34645669 1.25984252 3.34645669 1.22022717 3.34645669 0 P 10 N
A 11.96850394 1.1988189 11.96850394 1.1988189 11.92888858 1.1988189 0 P 10 N
A 11.2600878 1.83070866 11.2600878 1.83070866 11.22047244 1.83070866 0 P 10 N
L 10.08556841 10.73897579 10.0855502 10.72022815 1 N 11 
L 10.0855502 10.72022815 10.10429606 10.71833514 1 N 11 
L 10.10429606 10.71833514 10.10242313 10.72021181 1 N 11 
L 10.10242313 10.72021181 10.10055197 10.72396309 1 N 11 
L 10.10055197 10.72396309 10.10056112 10.73333691 1 N 11 
L 10.10056112 10.73333691 10.10243947 10.73708465 1 N 11 
L 10.10243947 10.73708465 10.10431604 10.73895758 1 N 11 
L 10.10431604 10.73895758 10.10806742 10.74082874 1 N 11 
L 10.10806742 10.74082874 10.11744124 10.74081959 1 N 11 
L 10.11744124 10.74081959 10.12118898 10.73894124 1 N 11 
L 10.12118898 10.73894124 10.12306191 10.73706467 1 N 11 
L 10.12306191 10.73706467 10.12493307 10.73331329 1 N 11 
L 10.12493307 10.73331329 10.12492392 10.72393947 1 N 11 
L 10.12492392 10.72393947 10.12304557 10.72019173 1 N 11 
L 10.12304557 10.72019173 10.121169 10.7183188 1 N 11 
L 10.12497667 10.77830768 10.12495482 10.75581043 1 N 11 
L 10.12496575 10.76705906 10.08559567 10.76709724 1 N 11 
L 10.08559567 10.76709724 10.09121634 10.76334222 1 N 11 
L 10.09121634 10.76334222 10.0949622 10.75958907 1 N 11 
L 10.0949622 10.75958907 10.09683337 10.7558377 1 N 11 
L 10.1212435 10.79518415 10.12312008 10.79705709 1 N 11 
L 10.12312008 10.79705709 10.12499301 10.79518051 1 N 11 
L 10.12499301 10.79518051 10.12311644 10.79330758 1 N 11 
L 10.12311644 10.79330758 10.1212435 10.79518415 1 N 11 
L 10.1212435 10.79518415 10.12499301 10.79518051 1 N 11 
L 10.08565935 10.83271398 10.08564114 10.81396634 1 N 11 
L 10.08564114 10.81396634 10.10438701 10.81207343 1 N 11 
L 10.10438701 10.81207343 10.10251398 10.81395 1 N 11 
L 10.10251398 10.81395 10.10064291 10.81770138 1 N 11 
L 10.10064291 10.81770138 10.10065197 10.8270752 1 N 11 
L 10.10065197 10.8270752 10.10253041 10.83082283 1 N 11 
L 10.10253041 10.83082283 10.10440699 10.83269587 1 N 11 
L 10.10440699 10.83269587 10.10815827 10.83456693 1 N 11 
L 10.10815827 10.83456693 10.11753209 10.83455787 1 N 11 
L 10.11753209 10.83455787 10.12127982 10.83267943 1 N 11 
L 10.12127982 10.83267943 10.12315276 10.83080285 1 N 11 
L 10.12315276 10.83080285 10.12502392 10.82705157 1 N 11 
L 10.12502392 10.82705157 10.12501486 10.81767776 1 N 11 
L 10.12501486 10.81767776 10.12313642 10.81393002 1 N 11 
L 10.12313642 10.81393002 10.12125984 10.81205709 1 N 11 
L 10.08567382 10.84771211 10.08569931 10.87395886 1 N 11 
L 10.08569931 10.87395886 10.12505295 10.85704774 1 N 11 
L 10.08572106 10.896456 10.0857248 10.90020551 1 N 11 
L 10.0857248 10.90020551 10.08760315 10.90395325 1 N 11 
L 10.08760315 10.90395325 10.08947972 10.90582618 1 N 11 
L 10.08947972 10.90582618 10.0932311 10.90769734 1 N 11 
L 10.0932311 10.90769734 10.10073199 10.90956476 1 N 11 
L 10.10073199 10.90956476 10.11010581 10.90955571 1 N 11 
L 10.11010581 10.90955571 10.11760305 10.90767372 1 N 11 
L 10.11760305 10.90767372 10.12135079 10.90579528 1 N 11 
L 10.12135079 10.90579528 10.12322372 10.9039187 1 N 11 
L 10.12322372 10.9039187 10.12509478 10.90016732 1 N 11 
L 10.12509478 10.90016732 10.12509114 10.89641782 1 N 11 
L 10.12509114 10.89641782 10.1232128 10.89267008 1 N 11 
L 10.1232128 10.89267008 10.12133622 10.89079715 1 N 11 
L 10.12133622 10.89079715 10.11758484 10.88892598 1 N 11 
L 10.11758484 10.88892598 10.11008396 10.88705856 1 N 11 
L 10.11008396 10.88705856 10.10071014 10.88706762 1 N 11 
L 10.10071014 10.88706762 10.09321289 10.8889497 1 N 11 
L 10.09321289 10.8889497 10.08946516 10.89082805 1 N 11 
L 10.08946516 10.89082805 10.08759222 10.89270463 1 N 11 
L 10.08759222 10.89270463 10.08572106 10.896456 1 N 11 
L 10.08575748 10.93395128 10.08576112 10.93770079 1 N 11 
L 10.08576112 10.93770079 10.08763947 10.94144852 1 N 11 
L 10.08763947 10.94144852 10.08951614 10.94332146 1 N 11 
L 10.08951614 10.94332146 10.09326742 10.94519262 1 N 11 
L 10.09326742 10.94519262 10.10076831 10.94706014 1 N 11 
L 10.10076831 10.94706014 10.11014213 10.94705098 1 N 11 
L 10.11014213 10.94705098 10.11763937 10.945169 1 N 11 
L 10.11763937 10.945169 10.12138711 10.94329055 1 N 11 
L 10.12138711 10.94329055 10.12326004 10.94141398 1 N 11 
L 10.12326004 10.94141398 10.1251312 10.9376626 1 N 11 
L 10.1251312 10.9376626 10.12512756 10.93391309 1 N 11 
L 10.12512756 10.93391309 10.12324911 10.93016535 1 N 11 
L 10.12324911 10.93016535 10.12137254 10.92829252 1 N 11 
L 10.12137254 10.92829252 10.11762126 10.92642136 1 N 11 
L 10.11762126 10.92642136 10.11012028 10.92455384 1 N 11 
L 10.11012028 10.92455384 10.10074646 10.92456289 1 N 11 
L 10.10074646 10.92456289 10.09324921 10.92644498 1 N 11 
L 10.09324921 10.92644498 10.08950157 10.92832333 1 N 11 
L 10.08950157 10.92832333 10.08762854 10.9302 1 N 11 
L 10.08762854 10.9302 10.08575748 10.93395128 1 N 11 
L 10.12518573 10.99390561 10.09893898 10.9939311 1 N 11 
L 10.10268848 10.99392736 10.10081555 10.99580394 1 N 11 
L 10.10081555 10.99580394 10.09894449 10.99955532 1 N 11 
L 10.09894449 10.99955532 10.0989499 11.00517963 1 N 11 
L 10.0989499 11.00517963 10.10082835 11.00892736 1 N 11 
L 10.10082835 11.00892736 10.10457963 11.01079843 1 N 11 
L 10.10457963 11.01079843 10.12520207 11.01077844 1 N 11 
L 10.10457963 11.01079843 10.10083189 11.01267687 1 N 11 
L 10.10083189 11.01267687 10.09896083 11.01642825 1 N 11 
L 10.09896083 11.01642825 10.09896624 11.02205256 1 N 11 
L 10.09896624 11.02205256 10.10084469 11.0258002 1 N 11 
L 10.10084469 11.0258002 10.10459596 11.02767136 1 N 11 
L 10.10459596 11.02767136 10.12521841 11.02765138 1 N 11 
L 10.12523661 11.04639902 10.09898986 11.04642441 1 N 11 
L 10.10273937 11.04642087 10.10086644 11.04829744 1 N 11 
L 10.10086644 11.04829744 10.09899537 11.05204872 1 N 11 
L 10.09899537 11.05204872 10.09900079 11.05767303 1 N 11 
L 10.09900079 11.05767303 10.10087913 11.06142077 1 N 11 
L 10.10087913 11.06142077 10.10463051 11.06329193 1 N 11 
L 10.10463051 11.06329193 10.12525295 11.06327185 1 N 11 
L 10.10463051 11.06329193 10.10088287 11.06517028 1 N 11 
L 10.10088287 11.06517028 10.09901171 11.06892165 1 N 11 
L 10.09901171 11.06892165 10.09901713 11.07454596 1 N 11 
L 10.09901713 11.07454596 10.10089557 11.0782936 1 N 11 
L 10.10089557 11.0782936 10.10464685 11.08016476 1 N 11 
L 10.10464685 11.08016476 10.12526929 11.08014478 1 N 11 
L 10.11535433 11.91533524 10.17663179 11.91527579 1 N 11 
L 10.11338583 9.88502028 10.17466329 9.88496083 1 N 11 
L 10.15354439 11.91529823 10.15276565 11.11212972 1 N 11 
L 10.15235453 10.68815167 10.15157589 9.88498327 1 N 11 
L 10.15354439 11.91529823 10.13041398 11.87097008 1 N 11 
L 10.15354439 11.91529823 10.17658878 11.8709253 1 N 11 
L 10.15157589 9.88498327 10.1747063 9.92931142 1 N 11 
L 10.15157589 9.88498327 10.1285315 9.9293562 1 N 11 
P 7.10354331 1.39015748 2 N 12 0
P 7.07401575 1.4492126 2 N 12 0
P 7.13307087 1.4492126 2 N 12 0
P 7.13307087 1.39015748 2 N 12 0
P 7.07401575 1.39015748 2 N 12 0
P 7.10354331 1.4492126 2 N 12 0
P 8.53464567 3.41771654 2 N 12 0
P 8.59370079 3.41771654 2 N 12 0
P 8.59370079 3.35866142 2 N 12 0
P 8.59370079 3.38818898 2 N 12 0
P 8.53464567 3.38818898 2 N 12 0
P 8.53464567 3.35866142 2 N 12 0
P 2.39685039 3.36259843 2 N 12 0
P 2.45590551 3.42165354 2 N 12 0
P 2.45590551 3.36259843 2 N 12 0
P 2.39685039 3.42165354 2 N 12 0
P 2.39685039 3.39212598 2 N 12 0
P 2.45590551 3.39212598 2 N 12 0
P 3.49527559 4.9492126 2 N 12 0
P 3.49527559 4.89015748 2 N 12 0
P 3.43622047 4.9492126 2 N 12 0
P 3.46574803 4.89015748 2 N 12 0
P 3.46574803 4.9492126 2 N 12 0
P 3.43622047 4.89015748 2 N 12 0
P 7.0996063 4.89015748 2 N 12 0
P 7.0996063 4.9492126 2 N 12 0
P 7.07007874 4.9492126 2 N 12 0
P 7.07007874 4.89015748 2 N 12 0
P 7.12913386 4.89015748 2 N 12 0
P 7.12913386 4.9492126 2 N 12 0
P 3.47559055 1.39015748 2 N 12 0
P 3.41653543 1.4492126 2 N 12 0
P 3.41653543 1.39015748 2 N 12 0
P 3.47559055 1.4492126 2 N 12 0
P 3.44606299 1.39015748 2 N 12 0
P 3.44606299 1.4492126 2 N 12 0
