#
#Feature symbol names
#
$0 r27.559

#
#Layer features
#
L 2.0489876 0.25854892 2.0489876 0.38847018 0 P 10 
L 2.0489876 0.32660295 2.12322835 0.32660295 0 P 10 
L 2.12322835 0.25854892 2.12322835 0.38847018 0 P 10 
L 2.22840266 0.32660295 2.18509557 0.32660295 0 P 10 
L 2.18509557 0.25854892 2.18509557 0.38847018 0 P 10 
L 2.18509557 0.38847018 2.24696289 0.38847018 0 P 10 
L 2.5006187 0.25854892 2.49443189 0.25854892 0 P 10 
L 2.49443189 0.25854892 2.48205846 0.26473563 0 P 10 
L 2.48205846 0.26473563 2.46349833 0.28329587 0 P 10 
L 2.46349833 0.28329587 2.43256467 0.32041624 0 P 10 
L 2.43256467 0.32041624 2.42019124 0.33897638 0 P 10 
L 2.42019124 0.33897638 2.41400453 0.35753661 0 P 10 
L 2.41400453 0.35753661 2.41400453 0.36991004 0 P 10 
L 2.41400453 0.36991004 2.42019124 0.38228346 0 P 10 
L 2.42019124 0.38228346 2.43256467 0.38847018 0 P 10 
L 2.43256467 0.38847018 2.43875138 0.38847018 0 P 10 
L 2.43875138 0.38847018 2.4511248 0.38228346 0 P 10 
L 2.4511248 0.38228346 2.45731161 0.36991004 0 P 10 
L 2.45731161 0.36991004 2.45731161 0.36372333 0 P 10 
L 2.45731161 0.36372333 2.4511248 0.3513498 0 P 10 
L 2.4511248 0.3513498 2.44493809 0.34516309 0 P 10 
L 2.44493809 0.34516309 2.40781772 0.32041624 0 P 10 
L 2.40781772 0.32041624 2.401631 0.31422953 0 P 10 
L 2.401631 0.31422953 2.39544429 0.301856 0 P 10 
L 2.39544429 0.301856 2.39544429 0.28329587 0 P 10 
L 2.39544429 0.28329587 2.401631 0.27092244 0 P 10 
L 2.401631 0.27092244 2.40781772 0.26473563 0 P 10 
L 2.40781772 0.26473563 2.42019124 0.25854892 0 P 10 
L 2.42019124 0.25854892 2.43875138 0.25854892 0 P 10 
L 2.43875138 0.25854892 2.4511248 0.26473563 0 P 10 
L 2.4511248 0.26473563 2.45731161 0.27092244 0 P 10 
L 2.45731161 0.27092244 2.47587175 0.29566929 0 P 10 
L 2.47587175 0.29566929 2.48205846 0.31422953 0 P 10 
L 2.48205846 0.31422953 2.48205846 0.32660295 0 P 10 
L 2.71096732 0.38847018 2.68622047 0.38847018 0 P 10 
L 2.68622047 0.38847018 2.67384705 0.38228346 0 P 10 
L 2.67384705 0.38228346 2.66766024 0.37609675 0 P 10 
L 2.66766024 0.37609675 2.65528681 0.35753661 0 P 10 
L 2.65528681 0.35753661 2.6491001 0.33278967 0 P 10 
L 2.6491001 0.33278967 2.6491001 0.28329587 0 P 10 
L 2.6491001 0.28329587 2.65528681 0.27092244 0 P 10 
L 2.65528681 0.27092244 2.66147352 0.26473563 0 P 10 
L 2.66147352 0.26473563 2.67384705 0.25854892 0 P 10 
L 2.67384705 0.25854892 2.6985939 0.25854892 0 P 10 
L 2.6985939 0.25854892 2.71096732 0.26473563 0 P 10 
L 2.71096732 0.26473563 2.71715413 0.27092244 0 P 10 
L 2.71715413 0.27092244 2.72334085 0.28329587 0 P 10 
L 2.72334085 0.28329587 2.72334085 0.31422953 0 P 10 
L 2.72334085 0.31422953 2.71715413 0.32660295 0 P 10 
L 2.71715413 0.32660295 2.71096732 0.33278967 0 P 10 
L 2.71096732 0.33278967 2.6985939 0.33897638 0 P 10 
L 2.6985939 0.33897638 2.67384705 0.33897638 0 P 10 
L 2.67384705 0.33897638 2.66147352 0.33278967 0 P 10 
L 2.66147352 0.33278967 2.65528681 0.32660295 0 P 10 
L 2.65528681 0.32660295 2.6491001 0.31422953 0 P 10 
L 2.77902136 0.25854892 2.77902136 0.34516309 0 P 10 
L 2.77902136 0.33278967 2.78520807 0.33897638 0 P 10 
L 2.78520807 0.33897638 2.7975815 0.34516309 0 P 10 
L 2.7975815 0.34516309 2.81614173 0.34516309 0 P 10 
L 2.81614173 0.34516309 2.82851516 0.33897638 0 P 10 
L 2.82851516 0.33897638 2.83470187 0.32660295 0 P 10 
L 2.83470187 0.32660295 2.83470187 0.25854892 0 P 10 
L 2.83470187 0.32660295 2.84088858 0.33897638 0 P 10 
L 2.84088858 0.33897638 2.85326211 0.34516309 0 P 10 
L 2.85326211 0.34516309 2.87182224 0.34516309 0 P 10 
L 2.87182224 0.34516309 2.88419567 0.33897638 0 P 10 
L 2.88419567 0.33897638 2.89038248 0.32660295 0 P 10 
L 2.89038248 0.32660295 2.89038248 0.25854892 0 P 10 
L 3.07598425 0.38847018 3.1007311 0.38847018 0 P 10 
L 3.1007311 0.38847018 3.11310463 0.38228346 0 P 10 
L 3.11310463 0.38228346 3.12547805 0.36991004 0 P 10 
L 3.12547805 0.36991004 3.13166476 0.34516309 0 P 10 
L 3.13166476 0.34516309 3.13166476 0.301856 0 P 10 
L 3.13166476 0.301856 3.12547805 0.27710915 0 P 10 
L 3.12547805 0.27710915 3.11310463 0.26473563 0 P 10 
L 3.11310463 0.26473563 3.1007311 0.25854892 0 P 10 
L 3.1007311 0.25854892 3.07598425 0.25854892 0 P 10 
L 3.07598425 0.25854892 3.06361083 0.26473563 0 P 10 
L 3.06361083 0.26473563 3.0512373 0.27710915 0 P 10 
L 3.0512373 0.27710915 3.04505059 0.301856 0 P 10 
L 3.04505059 0.301856 3.04505059 0.34516309 0 P 10 
L 3.04505059 0.34516309 3.0512373 0.36991004 0 P 10 
L 3.0512373 0.36991004 3.06361083 0.38228346 0 P 10 
L 3.06361083 0.38228346 3.07598425 0.38847018 0 P 10 
L 3.18734528 0.34516309 3.18734528 0.21524183 0 P 10 
L 3.18734528 0.33897638 3.1997188 0.34516309 0 P 10 
L 3.1997188 0.34516309 3.22446565 0.34516309 0 P 10 
L 3.22446565 0.34516309 3.23683917 0.33897638 0 P 10 
L 3.23683917 0.33897638 3.24302589 0.33278967 0 P 10 
L 3.24302589 0.33278967 3.2492126 0.32041624 0 P 10 
L 3.2492126 0.32041624 3.2492126 0.28329587 0 P 10 
L 3.2492126 0.28329587 3.24302589 0.27092244 0 P 10 
L 3.24302589 0.27092244 3.23683917 0.26473563 0 P 10 
L 3.23683917 0.26473563 3.22446565 0.25854892 0 P 10 
L 3.22446565 0.25854892 3.1997188 0.25854892 0 P 10 
L 3.1997188 0.25854892 3.18734528 0.26473563 0 P 10 
L 3.35438691 0.26473563 3.34201348 0.25854892 0 P 10 
L 3.34201348 0.25854892 3.31726654 0.25854892 0 P 10 
L 3.31726654 0.25854892 3.30489311 0.26473563 0 P 10 
L 3.30489311 0.26473563 3.2987064 0.27710915 0 P 10 
L 3.2987064 0.27710915 3.2987064 0.32660295 0 P 10 
L 3.2987064 0.32660295 3.30489311 0.33897638 0 P 10 
L 3.30489311 0.33897638 3.31726654 0.34516309 0 P 10 
L 3.31726654 0.34516309 3.34201348 0.34516309 0 P 10 
L 3.34201348 0.34516309 3.35438691 0.33897638 0 P 10 
L 3.35438691 0.33897638 3.36057362 0.32660295 0 P 10 
L 3.36057362 0.32660295 3.36057362 0.31422953 0 P 10 
L 3.36057362 0.31422953 3.2987064 0.301856 0 P 10 
L 3.41625423 0.34516309 3.41625423 0.25854892 0 P 10 
L 3.41625423 0.33278967 3.42244094 0.33897638 0 P 10 
L 3.42244094 0.33897638 3.43481437 0.34516309 0 P 10 
L 3.43481437 0.34516309 3.45337461 0.34516309 0 P 10 
L 3.45337461 0.34516309 3.46574803 0.33897638 0 P 10 
L 3.46574803 0.33897638 3.47193474 0.32660295 0 P 10 
L 3.47193474 0.32660295 3.47193474 0.25854892 0 P 10 
L 3.53380197 0.25854892 3.53380197 0.38847018 0 P 10 
L 3.53380197 0.32660295 3.60804272 0.32660295 0 P 10 
L 3.60804272 0.25854892 3.60804272 0.38847018 0 P 10 
L 3.66991004 0.25854892 3.66991004 0.38847018 0 P 10 
L 3.66991004 0.38847018 3.71940384 0.38847018 0 P 10 
L 3.71940384 0.38847018 3.73177726 0.38228346 0 P 10 
L 3.73177726 0.38228346 3.73796398 0.37609675 0 P 10 
L 3.73796398 0.37609675 3.74415069 0.36372333 0 P 10 
L 3.74415069 0.36372333 3.74415069 0.34516309 0 P 10 
L 3.74415069 0.34516309 3.73796398 0.33278967 0 P 10 
L 3.73796398 0.33278967 3.73177726 0.32660295 0 P 10 
L 3.73177726 0.32660295 3.71940384 0.32041624 0 P 10 
L 3.71940384 0.32041624 3.66991004 0.32041624 0 P 10 
L 3.79364449 0.26473563 3.81220472 0.25854892 0 P 10 
L 3.81220472 0.25854892 3.84313839 0.25854892 0 P 10 
L 3.84313839 0.25854892 3.85551181 0.26473563 0 P 10 
L 3.85551181 0.26473563 3.86169852 0.27092244 0 P 10 
L 3.86169852 0.27092244 3.86788524 0.28329587 0 P 10 
L 3.86788524 0.28329587 3.86788524 0.29566929 0 P 10 
L 3.86788524 0.29566929 3.86169852 0.30804272 0 P 10 
L 3.86169852 0.30804272 3.85551181 0.31422953 0 P 10 
L 3.85551181 0.31422953 3.84313839 0.32041624 0 P 10 
L 3.84313839 0.32041624 3.81839144 0.32660295 0 P 10 
L 3.81839144 0.32660295 3.80601801 0.33278967 0 P 10 
L 3.80601801 0.33278967 3.7998313 0.33897638 0 P 10 
L 3.7998313 0.33897638 3.79364449 0.3513498 0 P 10 
L 3.79364449 0.3513498 3.79364449 0.36372333 0 P 10 
L 3.79364449 0.36372333 3.7998313 0.37609675 0 P 10 
L 3.7998313 0.37609675 3.80601801 0.38228346 0 P 10 
L 3.80601801 0.38228346 3.81839144 0.38847018 0 P 10 
L 3.81839144 0.38847018 3.8493251 0.38847018 0 P 10 
L 3.8493251 0.38847018 3.86788524 0.38228346 0 P 10 
L 3.92356575 0.25854892 3.92356575 0.38847018 0 P 10 
L 3.92356575 0.38847018 3.95449941 0.38847018 0 P 10 
L 3.95449941 0.38847018 3.97305965 0.38228346 0 P 10 
L 3.97305965 0.38228346 3.98543307 0.36991004 0 P 10 
L 3.98543307 0.36991004 3.99161978 0.35753661 0 P 10 
L 3.99161978 0.35753661 3.9978065 0.33278967 0 P 10 
L 3.9978065 0.33278967 3.9978065 0.31422953 0 P 10 
L 3.9978065 0.31422953 3.99161978 0.28948258 0 P 10 
L 3.99161978 0.28948258 3.98543307 0.27710915 0 P 10 
L 3.98543307 0.27710915 3.97305965 0.26473563 0 P 10 
L 3.97305965 0.26473563 3.95449941 0.25854892 0 P 10 
L 3.95449941 0.25854892 3.92356575 0.25854892 0 P 10 
L 4.12772776 0.25854892 4.08442067 0.32041624 0 P 10 
L 4.05348701 0.25854892 4.05348701 0.38847018 0 P 10 
L 4.05348701 0.38847018 4.10298091 0.38847018 0 P 10 
L 4.10298091 0.38847018 4.11535433 0.38228346 0 P 10 
L 4.11535433 0.38228346 4.12154104 0.37609675 0 P 10 
L 4.12154104 0.37609675 4.12772776 0.36372333 0 P 10 
L 4.12772776 0.36372333 4.12772776 0.34516309 0 P 10 
L 4.12772776 0.34516309 4.12154104 0.33278967 0 P 10 
L 4.12154104 0.33278967 4.11535433 0.32660295 0 P 10 
L 4.11535433 0.32660295 4.10298091 0.32041624 0 P 10 
L 4.10298091 0.32041624 4.05348701 0.32041624 0 P 10 
L 4.26383573 0.38847018 4.33807648 0.38847018 0 P 10 
L 4.3009561 0.25854892 4.3009561 0.38847018 0 P 10 
L 4.38138356 0.25854892 4.38138356 0.34516309 0 P 10 
L 4.38138356 0.32041624 4.38757028 0.33278967 0 P 10 
L 4.38757028 0.33278967 4.39375699 0.33897638 0 P 10 
L 4.39375699 0.33897638 4.40613051 0.34516309 0 P 10 
L 4.40613051 0.34516309 4.41850394 0.34516309 0 P 10 
L 4.51749154 0.25854892 4.51749154 0.32660295 0 P 10 
L 4.51749154 0.32660295 4.51130482 0.33897638 0 P 10 
L 4.51130482 0.33897638 4.4989314 0.34516309 0 P 10 
L 4.4989314 0.34516309 4.47418445 0.34516309 0 P 10 
L 4.47418445 0.34516309 4.46181102 0.33897638 0 P 10 
L 4.51749154 0.26473563 4.50511811 0.25854892 0 P 10 
L 4.50511811 0.25854892 4.47418445 0.25854892 0 P 10 
L 4.47418445 0.25854892 4.46181102 0.26473563 0 P 10 
L 4.46181102 0.26473563 4.45562431 0.27710915 0 P 10 
L 4.45562431 0.27710915 4.45562431 0.28948258 0 P 10 
L 4.45562431 0.28948258 4.46181102 0.301856 0 P 10 
L 4.46181102 0.301856 4.47418445 0.30804272 0 P 10 
L 4.47418445 0.30804272 4.50511811 0.30804272 0 P 10 
L 4.50511811 0.30804272 4.51749154 0.31422953 0 P 10 
L 4.57935886 0.34516309 4.57935886 0.25854892 0 P 10 
L 4.57935886 0.33278967 4.58554557 0.33897638 0 P 10 
L 4.58554557 0.33897638 4.597919 0.34516309 0 P 10 
L 4.597919 0.34516309 4.61647913 0.34516309 0 P 10 
L 4.61647913 0.34516309 4.62885266 0.33897638 0 P 10 
L 4.62885266 0.33897638 4.63503937 0.32660295 0 P 10 
L 4.63503937 0.32660295 4.63503937 0.25854892 0 P 10 
L 4.69071988 0.26473563 4.70309331 0.25854892 0 P 10 
L 4.70309331 0.25854892 4.72784026 0.25854892 0 P 10 
L 4.72784026 0.25854892 4.74021368 0.26473563 0 P 10 
L 4.74021368 0.26473563 4.74640039 0.27710915 0 P 10 
L 4.74640039 0.27710915 4.74640039 0.28329587 0 P 10 
L 4.74640039 0.28329587 4.74021368 0.29566929 0 P 10 
L 4.74021368 0.29566929 4.72784026 0.301856 0 P 10 
L 4.72784026 0.301856 4.70928012 0.301856 0 P 10 
L 4.70928012 0.301856 4.69690659 0.30804272 0 P 10 
L 4.69690659 0.30804272 4.69071988 0.32041624 0 P 10 
L 4.69071988 0.32041624 4.69071988 0.32660295 0 P 10 
L 4.69071988 0.32660295 4.69690659 0.33897638 0 P 10 
L 4.69690659 0.33897638 4.70928012 0.34516309 0 P 10 
L 4.70928012 0.34516309 4.72784026 0.34516309 0 P 10 
L 4.72784026 0.34516309 4.74021368 0.33897638 0 P 10 
L 4.85776152 0.26473563 4.84538809 0.25854892 0 P 10 
L 4.84538809 0.25854892 4.82064114 0.25854892 0 P 10 
L 4.82064114 0.25854892 4.80826772 0.26473563 0 P 10 
L 4.80826772 0.26473563 4.802081 0.27092244 0 P 10 
L 4.802081 0.27092244 4.79589429 0.28329587 0 P 10 
L 4.79589429 0.28329587 4.79589429 0.32041624 0 P 10 
L 4.79589429 0.32041624 4.802081 0.33278967 0 P 10 
L 4.802081 0.33278967 4.80826772 0.33897638 0 P 10 
L 4.80826772 0.33897638 4.82064114 0.34516309 0 P 10 
L 4.82064114 0.34516309 4.84538809 0.34516309 0 P 10 
L 4.84538809 0.34516309 4.85776152 0.33897638 0 P 10 
L 4.96293583 0.26473563 4.9505624 0.25854892 0 P 10 
L 4.9505624 0.25854892 4.92581555 0.25854892 0 P 10 
L 4.92581555 0.25854892 4.91344203 0.26473563 0 P 10 
L 4.91344203 0.26473563 4.90725532 0.27710915 0 P 10 
L 4.90725532 0.27710915 4.90725532 0.32660295 0 P 10 
L 4.90725532 0.32660295 4.91344203 0.33897638 0 P 10 
L 4.91344203 0.33897638 4.92581555 0.34516309 0 P 10 
L 4.92581555 0.34516309 4.9505624 0.34516309 0 P 10 
L 4.9505624 0.34516309 4.96293583 0.33897638 0 P 10 
L 4.96293583 0.33897638 4.96912264 0.32660295 0 P 10 
L 4.96912264 0.32660295 4.96912264 0.31422953 0 P 10 
L 4.96912264 0.31422953 4.90725532 0.301856 0 P 10 
L 5.02480315 0.25854892 5.02480315 0.34516309 0 P 10 
L 5.02480315 0.38847018 5.01861644 0.38228346 0 P 10 
L 5.01861644 0.38228346 5.02480315 0.37609675 0 P 10 
L 5.02480315 0.37609675 5.03098986 0.38228346 0 P 10 
L 5.03098986 0.38228346 5.02480315 0.38847018 0 P 10 
L 5.02480315 0.38847018 5.02480315 0.37609675 0 P 10 
L 5.07429695 0.34516309 5.10523061 0.25854892 0 P 10 
L 5.10523061 0.25854892 5.13616417 0.34516309 0 P 10 
L 5.23515187 0.26473563 5.22277835 0.25854892 0 P 10 
L 5.22277835 0.25854892 5.1980315 0.25854892 0 P 10 
L 5.1980315 0.25854892 5.18565807 0.26473563 0 P 10 
L 5.18565807 0.26473563 5.17947126 0.27710915 0 P 10 
L 5.17947126 0.27710915 5.17947126 0.32660295 0 P 10 
L 5.17947126 0.32660295 5.18565807 0.33897638 0 P 10 
L 5.18565807 0.33897638 5.1980315 0.34516309 0 P 10 
L 5.1980315 0.34516309 5.22277835 0.34516309 0 P 10 
L 5.22277835 0.34516309 5.23515187 0.33897638 0 P 10 
L 5.23515187 0.33897638 5.24133858 0.32660295 0 P 10 
L 5.24133858 0.32660295 5.24133858 0.31422953 0 P 10 
L 5.24133858 0.31422953 5.17947126 0.301856 0 P 10 
L 5.29701909 0.25854892 5.29701909 0.34516309 0 P 10 
L 5.29701909 0.32041624 5.30320581 0.33278967 0 P 10 
L 5.30320581 0.33278967 5.30939252 0.33897638 0 P 10 
L 5.30939252 0.33897638 5.32176604 0.34516309 0 P 10 
L 5.32176604 0.34516309 5.33413947 0.34516309 0 P 10 
