#
#Feature symbol names
#
$0 r3.937
$1 r4.724
$2 r5.906

#
#Layer features
#
L 3.36732283 1.45905512 2.6088189 1.45787402 0 P 10 
A 8.4146748 1.37351476 8.60455108 1.56145364 8.41660226 1.56145364 0 P 10 N
L 7.17834646 4.88031496 8.4088189 4.88016142 0 P 10 
L 8.52480315 3.30944882 8.5288189 1.59787402 0 P 10 
A 8.60675778 4.76799774 8.4188189 4.95787402 8.4188189 4.7699252 0 P 10 N
L 3.54448819 4.95905512 7.02086614 4.95905512 0 P 10 
L 7.02086614 4.88031496 3.54448819 4.88031496 0 P 10 
L 7.02480315 1.45905512 3.52480315 1.45905512 0 P 10 
L 8.5188189 4.75787402 8.51905512 4.7699252 0 P 10 
L 8.52480315 3.46692913 8.5188189 4.75787402 0 P 10 
L 7.18228346 1.45905512 8.4288189 1.45787402 0 P 10 
A 2.58676772 4.87787402 2.4588189 4.7676378 2.58676762 4.74850226 0 P 10 N
L 2.46574803 3.31338583 2.4688189 1.56787402 0 P 10 
L 3.38700787 4.88031496 2.58676772 4.87787402 0 P 10 
L 7.17834646 4.95905512 8.4188189 4.95787402 0 P 10 
L 7.18228346 1.38031496 8.4146748 1.37351476 0 P 10 
L 3.52480315 1.38031496 7.02480315 1.38031496 0 P 10 
L 2.38700787 3.31338583 2.38445965 1.57201811 0 P 10 
L 3.38700787 4.95905512 2.57296299 4.96223327 0 P 10 
A 2.38445965 1.57201811 2.57239852 1.38214183 2.57239852 1.57009065 0 P 10 N
L 3.36732283 1.38031496 2.57239852 1.38214183 0 P 10 
A 2.4688189 1.56787402 2.6088189 1.45787402 2.6088188 1.60196486 0 P 10 N
A 8.4288189 1.45787402 8.5288189 1.59787402 8.38855846 1.59234577 0 P 10 N
L 8.60354331 3.30944882 8.60455108 1.56145364 0 P 10 
L 2.46574803 3.47086614 2.4588189 4.7676378 0 P 10 
A 8.51905512 4.7699252 8.4088189 4.88016142 8.4088189 4.7699252 0 P 10 N
L 8.60354331 3.46692913 8.60675778 4.76799774 0 P 10 
L 2.38700787 3.47086614 2.38308671 4.77429439 0 P 10 
A 2.57296299 4.96223327 2.38308671 4.77429439 2.57103553 4.77429439 0 P 10 N
A 7.02480315 1.38031496 7.02480315 1.45905512 7.02480315 1.41968504 2 P 11 N
A 7.18228346 1.45905512 7.18228346 1.38031496 7.18228346 1.41968504 2 P 11 N
A 8.60354331 3.30944882 8.52480315 3.30944882 8.56417323 3.30944882 2 P 11 N
A 8.52480315 3.46692913 8.60354331 3.46692913 8.56417323 3.46692913 2 P 11 N
L 0.36417323 4.48622047 0.75393701 4.48622047 1 P 12 
L 0.75393701 4.48622047 0.75393701 4.29330709 1 P 12 
L 0.75393701 4.29330709 0.36417323 4.29330709 1 P 12 
L 0.36417323 4.29330709 0.36417323 4.48622047 1 P 12 
L 4.21456693 0.82480315 4.60433071 0.82480315 1 P 12 
L 4.60433071 0.82480315 4.60433071 0.63188976 1 P 12 
L 4.60433071 0.63188976 4.21456693 0.63188976 1 P 12 
L 4.21456693 0.63188976 4.21456693 0.82480315 1 P 12 
L 9.37204724 3.73818898 9.76181102 3.73818898 1 P 12 
L 9.76181102 3.73818898 9.76181102 3.54527559 1 P 12 
L 9.76181102 3.54527559 9.37204724 3.54527559 1 P 12 
L 9.37204724 3.54527559 9.37204724 3.73818898 1 P 12 
L 10.69094488 3.73818898 11.08070866 3.73818898 1 P 12 
L 11.08070866 3.73818898 11.08070866 3.54527559 1 P 12 
L 11.08070866 3.54527559 10.69094488 3.54527559 1 P 12 
L 10.69094488 3.54527559 10.69094488 3.73818898 1 P 12 
L 10.04133858 4.25 10.43110236 4.25 1 P 12 
L 10.43110236 4.25 10.43110236 4.05708661 1 P 12 
L 10.43110236 4.05708661 10.04133858 4.05708661 1 P 12 
L 10.04133858 4.05708661 10.04133858 4.25 1 P 12 
L 0.45669291 0.86614173 1.09645669 0.86614173 1 P 12 
L 1.09645669 0.86614173 1.09645669 0.19685039 1 P 12 
L 1.09645669 0.19685039 0.45669291 0.19685039 1 P 12 
L 0.45669291 0.19685039 0.45669291 0.86614173 1 P 12 
L 5.73031496 0.82480315 6.12007874 0.82480315 1 P 12 
L 6.12007874 0.82480315 6.12007874 0.63188976 1 P 12 
L 6.12007874 0.63188976 5.73031496 0.63188976 1 P 12 
L 5.73031496 0.63188976 5.73031496 0.82480315 1 P 12 
L 1.37992126 2.26181102 1.76968504 2.26181102 1 P 12 
L 1.76968504 2.26181102 1.76968504 2.06889764 1 P 12 
L 1.76968504 2.06889764 1.37992126 2.06889764 1 P 12 
L 1.37992126 2.06889764 1.37992126 2.26181102 1 P 12 
L 6.4980315 0.82480315 6.88779528 0.82480315 1 P 12 
L 6.88779528 0.82480315 6.88779528 0.63188976 1 P 12 
L 6.88779528 0.63188976 6.4980315 0.63188976 1 P 12 
L 6.4980315 0.63188976 6.4980315 0.82480315 1 P 12 
L 11.37992126 1.23818898 11.76968504 1.23818898 1 P 12 
L 11.76968504 1.23818898 11.76968504 1.04527559 1 P 12 
L 11.76968504 1.04527559 11.37992126 1.04527559 1 P 12 
L 11.37992126 1.04527559 11.37992126 1.23818898 1 P 12 
L 11.37992126 1.86811024 11.76968504 1.86811024 1 P 12 
L 11.76968504 1.86811024 11.76968504 1.67519685 1 P 12 
L 11.76968504 1.67519685 11.37992126 1.67519685 1 P 12 
L 11.37992126 1.67519685 11.37992126 1.86811024 1 P 12 
L 1.37992126 3.40354331 1.76968504 3.40354331 1 P 12 
L 1.76968504 3.40354331 1.76968504 3.21062992 1 P 12 
L 1.76968504 3.21062992 1.37992126 3.21062992 1 P 12 
L 1.37992126 3.21062992 1.37992126 3.40354331 1 P 12 
L 11.37992126 0.58858268 11.76968504 0.58858268 1 P 12 
L 11.76968504 0.58858268 11.76968504 0.39566929 1 P 12 
L 11.76968504 0.39566929 11.37992126 0.39566929 1 P 12 
L 11.37992126 0.39566929 11.37992126 0.58858268 1 P 12 
L 4.98228346 0.82480315 5.37204724 0.82480315 1 P 12 
L 5.37204724 0.82480315 5.37204724 0.63188976 1 P 12 
L 5.37204724 0.63188976 4.98228346 0.63188976 1 P 12 
L 4.98228346 0.63188976 4.98228346 0.82480315 1 P 12 
L 0.73031496 4.97834646 1.12007874 4.97834646 1 P 12 
L 1.12007874 4.97834646 1.12007874 4.78543307 1 P 12 
L 1.12007874 4.78543307 0.73031496 4.78543307 1 P 12 
L 0.73031496 4.78543307 0.73031496 4.97834646 1 P 12 
L 10.69094488 4.76181102 11.08070866 4.76181102 1 P 12 
L 11.08070866 4.76181102 11.08070866 4.56889764 1 P 12 
L 11.08070866 4.56889764 10.69094488 4.56889764 1 P 12 
L 10.69094488 4.56889764 10.69094488 4.76181102 1 P 12 
L 8.95866142 0.58858268 9.3484252 0.58858268 1 P 12 
L 9.3484252 0.58858268 9.3484252 0.39566929 1 P 12 
L 9.3484252 0.39566929 8.95866142 0.39566929 1 P 12 
L 8.95866142 0.39566929 8.95866142 0.58858268 1 P 12 
L 9.37204724 4.76181102 9.76181102 4.76181102 1 P 12 
L 9.76181102 4.76181102 9.76181102 4.56889764 1 P 12 
L 9.76181102 4.56889764 9.37204724 4.56889764 1 P 12 
L 9.37204724 4.56889764 9.37204724 4.76181102 1 P 12 
L 10.69094488 3.22637795 11.08070866 3.22637795 1 P 12 
L 11.08070866 3.22637795 11.08070866 3.03346457 1 P 12 
L 11.08070866 3.03346457 10.69094488 3.03346457 1 P 12 
L 10.69094488 3.03346457 10.69094488 3.22637795 1 P 12 
L 9.37204724 3.22637795 9.76181102 3.22637795 1 P 12 
L 9.76181102 3.22637795 9.76181102 3.03346457 1 P 12 
L 9.76181102 3.03346457 9.37204724 3.03346457 1 P 12 
L 9.37204724 3.03346457 9.37204724 3.22637795 1 P 12 
L 2.6988189 0.82480315 3.08858268 0.82480315 1 P 12 
L 3.08858268 0.82480315 3.08858268 0.63188976 1 P 12 
L 3.08858268 0.63188976 2.6988189 0.63188976 1 P 12 
L 2.6988189 0.63188976 2.6988189 0.82480315 1 P 12 
L 1.28937008 0.61417323 1.8996063 0.61417323 1 P 12 
L 1.8996063 0.61417323 1.8996063 0.29133858 1 P 12 
L 1.8996063 0.29133858 1.28937008 0.29133858 1 P 12 
L 1.28937008 0.29133858 1.28937008 0.61417323 1 P 12 
L 3.46653543 0.82480315 3.85629921 0.82480315 1 P 12 
L 3.85629921 0.82480315 3.85629921 0.63188976 1 P 12 
L 3.85629921 0.63188976 3.46653543 0.63188976 1 P 12 
L 3.46653543 0.63188976 3.46653543 0.82480315 1 P 12 
L 10.04133858 3.73818898 10.43110236 3.73818898 1 P 12 
L 10.43110236 3.73818898 10.43110236 3.54527559 1 P 12 
L 10.43110236 3.54527559 10.04133858 3.54527559 1 P 12 
L 10.04133858 3.54527559 10.04133858 3.73818898 1 P 12 
L 9.37204724 4.25 9.76181102 4.25 1 P 12 
L 9.76181102 4.25 9.76181102 4.05708661 1 P 12 
L 9.76181102 4.05708661 9.37204724 4.05708661 1 P 12 
L 9.37204724 4.05708661 9.37204724 4.25 1 P 12 
L 10.04133858 4.76181102 10.43110236 4.76181102 1 P 12 
L 10.43110236 4.76181102 10.43110236 4.56889764 1 P 12 
L 10.43110236 4.56889764 10.04133858 4.56889764 1 P 12 
L 10.04133858 4.56889764 10.04133858 4.76181102 1 P 12 
L 1.37992126 2.83267717 1.76968504 2.83267717 1 P 12 
L 1.76968504 2.83267717 1.76968504 2.63976378 1 P 12 
L 1.76968504 2.63976378 1.37992126 2.63976378 1 P 12 
L 1.37992126 2.63976378 1.37992126 2.83267717 1 P 12 
L 1.37992126 3.97440945 1.76968504 3.97440945 1 P 12 
L 1.76968504 3.97440945 1.76968504 3.78149606 1 P 12 
L 1.76968504 3.78149606 1.37992126 3.78149606 1 P 12 
L 1.37992126 3.78149606 1.37992126 3.97440945 1 P 12 
L 10.69094488 4.25 11.08070866 4.25 1 P 12 
L 11.08070866 4.25 11.08070866 4.05708661 1 P 12 
L 11.08070866 4.05708661 10.69094488 4.05708661 1 P 12 
L 10.69094488 4.05708661 10.69094488 4.25 1 P 12 
L 0 5.31496063 12.20472441 5.31496063 1 P 12 
L 12.20472441 5.31496063 12.20472441 0 1 P 12 
L 12.20472441 0 0 0 1 P 12 
L 0 0 0 5.31496063 1 P 12 
L 7.24606299 0.82480315 7.63582677 0.82480315 1 P 12 
L 7.63582677 0.82480315 7.63582677 0.63188976 1 P 12 
L 7.63582677 0.63188976 7.24606299 0.63188976 1 P 12 
L 7.24606299 0.63188976 7.24606299 0.82480315 1 P 12 
L 8.01377953 0.82480315 8.40354331 0.82480315 1 P 12 
L 8.40354331 0.82480315 8.40354331 0.63188976 1 P 12 
L 8.40354331 0.63188976 8.01377953 0.63188976 1 P 12 
L 8.01377953 0.63188976 8.01377953 0.82480315 1 P 12 
L 9.37204724 2.71456693 9.76181102 2.71456693 1 P 12 
L 9.76181102 2.71456693 9.76181102 2.52165354 1 P 12 
L 9.76181102 2.52165354 9.37204724 2.52165354 1 P 12 
L 9.37204724 2.52165354 9.37204724 2.71456693 1 P 12 
L 10.04133858 3.22637795 10.43110236 3.22637795 1 P 12 
L 10.43110236 3.22637795 10.43110236 3.03346457 1 P 12 
L 10.43110236 3.03346457 10.04133858 3.03346457 1 P 12 
L 10.04133858 3.03346457 10.04133858 3.22637795 1 P 12 
A 1.73677165 4.64566929 1.73677165 4.64566929 1.57480315 4.64566929 1 P 12 N
A 0.71314961 2.34307087 0.71314961 2.34307087 0.5511811 2.34307087 1 P 12 N
A 11.95443583 0.22834646 11.95443583 0.22834646 11.87401575 0.22834646 1 P 12 N
A 5.73425197 0.22834646 5.73425197 0.22834646 5.65383189 0.22834646 1 P 12 N
A 0.42716535 5.06496063 0.42716535 5.06496063 0.34674528 5.06496063 1 P 12 N
A 11.73677165 2.48086614 11.73677165 2.48086614 11.57480315 2.48086614 1 P 12 N
A 0.71314961 3.56354331 0.71314961 3.56354331 0.5511811 3.56354331 1 P 12 N
A 0.42716535 0.22834646 0.42716535 0.22834646 0.34674528 0.22834646 1 P 12 N
A 1.73352303 1.37992126 1.73352303 1.37992126 1.60629921 1.37992126 1 P 12 N
A 11.73677165 3.46511811 11.73677165 3.46511811 11.57480315 3.46511811 1 P 12 N
A 11.73677165 4.62653543 11.73677165 4.62653543 11.57480315 4.62653543 1 P 12 N
A 10.49360768 1.31889764 10.49360768 1.31889764 10.33464567 1.31889764 1 P 12 N
A 11.95669291 5.06889764 11.95669291 5.06889764 11.87627283 5.06889764 1 P 12 N
A 0.89494035 1.37919232 0.89494035 1.37919232 0.76771654 1.37919232 1 P 12 N
A 2.46574803 3.31338583 2.38700787 3.31338583 2.42637795 3.31338583 2 P 11 N
A 2.38700787 3.47086614 2.46574803 3.47086614 2.42637795 3.47086614 2 P 11 N
A 3.38700787 4.88031496 3.38700787 4.95905512 3.38700787 4.91968504 2 P 11 N
A 3.54448819 4.95905512 3.54448819 4.88031496 3.54448819 4.91968504 2 P 11 N
A 7.02086614 4.88031496 7.02086614 4.95905512 7.02086614 4.91968504 2 P 11 N
A 7.17834646 4.95905512 7.17834646 4.88031496 7.17834646 4.91968504 2 P 11 N
A 3.52480315 1.45905512 3.52480315 1.38031496 3.52480315 1.41968504 2 P 11 N
A 3.36732283 1.38031496 3.36732283 1.45905512 3.36732283 1.41968504 2 P 11 N
