432 491 2.3968504 3.4068898 0 0
491 550 2.3968504 3.3773622 0 1
550 609 2.4559055 3.4068898 0 2
609 668 2.4559055 3.3773622 0 3
668 727 3.4312992 1.4492126 0 4
727 786 3.4312992 1.3901575 0 5
786 846 3.4509843 4.9492126 0 6
846 906 3.4509843 4.8901575 0 7
906 965 3.4608268 1.4492126 0 8
965 1024 3.4608268 1.3901575 0 9
1024 1084 3.4805118 4.9492126 0 10
1084 1144 3.4805118 4.8901575 0 11
1144 1205 7.0848425 4.9492126 0 12
1205 1266 7.0848425 4.8901575 0 13
1266 1326 7.0887795 1.4492126 0 14
1326 1386 7.0887795 1.3901575 0 15
1386 1447 7.1143701 4.9492126 0 16
1447 1508 7.1143701 4.8901575 0 17
1508 1568 7.1183071 1.4492126 0 18
1568 1628 7.1183071 1.3901575 0 19
1628 1688 8.5346457 3.4029528 0 20
1688 1748 8.5346457 3.3734252 0 21
1748 1808 8.5937008 3.4029528 0 22
1808 1868 8.5937008 3.3734252 0 23
